0
7.8
15.2
22.2
28.8
35
40.8
46.2
51.2
55.8
60
63.8
67.2
70.2
72.8
75
76.8
78.2
79.2
79.8
80
79.8
79.2
78.2
76.8
75
72.8
70.2
67.2
63.8
60
55.8
51.2
46.2
40.8
35
28.8
22.2
15.2
7.8
0
-7.8
0
7.39999999999999
14.4
21
27.2
33
38.4
43.4
48
52.2
56
59.4
62.4
65
67.2
69
70.4
71.4
72
72.2
72
71.4
70.4
69
67.2
65
62.4
59.4
56
52.2
48
43.4
38.4
33
27.2
21
14.4
7.40000000000001
0
-7.8
-15.2
-7.39999999999999
0
7.00000000000001
13.6
19.8
25.6
31
36
40.6
44.8
48.6
52
55
57.6
59.8
61.6
63
64
64.6
64.8
64.6
64
63
61.6
59.8
57.6
55
52
48.6
44.8
40.6
36
31
25.6
19.8
13.6
6.99999999999999
1.77635683940025e-14
-7.39999999999999
-15.2
-22.2
-14.4
-7.00000000000001
0
6.59999999999998
12.8
18.6
24
29
33.6
37.8
41.6
45
48
50.6
52.8
54.6
56
57
57.6
57.8
57.6
57
56
54.6
52.8
50.6
48
45
41.6
37.8
33.6
29
24
18.6
12.8
6.59999999999998
-1.77635683940025e-14
-6.99999999999999
-14.4
-22.2
-28.8
-21
-13.6
-6.59999999999998
0
6.20000000000001
12
17.4
22.4
27
31.2
35
38.4
41.4
44
46.2
48
49.4
50.4
51
51.2
51
50.4
49.4
48
46.2
44
41.4
38.4
35
31.2
27
22.4
17.4
12
6.20000000000001
0
-6.6
-13.6
-21
-28.8
-35
-27.2
-19.8
-12.8
-6.20000000000001
0
5.80000000000001
11.2
16.2
20.8
25
28.8
32.2
35.2
37.8
40
41.8
43.2
44.2
44.8
45
44.8
44.2
43.2
41.8
40
37.8
35.2
32.2
28.8
25
20.8
16.2
11.2
5.80000000000001
0
-6.20000000000001
-12.8
-19.8
-27.2
-35
-40.8
-33
-25.6
-18.6
-12
-5.80000000000001
0
5.39999999999999
10.4
15
19.2
23
26.4
29.4
32
34.2
36
37.4
38.4
39
39.2
39
38.4
37.4
36
34.2
32
29.4
26.4
23
19.2
15
10.4
5.4
0
-5.80000000000001
-12
-18.6
-25.6
-33
-40.8
-46.2
-38.4
-31
-24
-17.4
-11.2
-5.39999999999999
0
5
9.6
13.8
17.6
21
24
26.6
28.8
30.6
32
33
33.6
33.8
33.6
33
32
30.6
28.8
26.6
24
21
17.6
13.8
9.6
5
1.33226762955019e-14
-5.39999999999999
-11.2
-17.4
-24
-31
-38.4
-46.2
-51.2
-43.4
-36
-29
-22.4
-16.2
-10.4
-5
0
4.6
8.8
12.6
16
19
21.6
23.8
25.6
27
28
28.6
28.8
28.6
28
27
25.6
23.8
21.6
19
16
12.6
8.8
4.6
-8.88178419700125e-15
-4.99999999999999
-10.4
-16.2
-22.4
-29
-36
-43.4
-51.2
-55.8
-48
-40.6
-33.6
-27
-20.8
-15
-9.6
-4.6
0
4.2
8.00000000000001
11.4
14.4
17
19.2
21
22.4
23.4
24
24.2
24
23.4
22.4
21
19.2
17
14.4
11.4
8.00000000000001
4.2
0
-4.6
-9.59999999999999
-15
-20.8
-27
-33.6
-40.6
-48
-55.8
-60
-52.2
-44.8
-37.8
-31.2
-25
-19.2
-13.8
-8.8
-4.2
0
3.8
7.2
10.2
12.8
15
16.8
18.2
19.2
19.8
20
19.8
19.2
18.2
16.8
15
12.8
10.2
7.20000000000001
3.8
0
-4.2
-8.80000000000001
-13.8
-19.2
-25
-31.2
-37.8
-44.8
-52.2
-60
-63.8
-56
-48.6
-41.6
-35
-28.8
-23
-17.6
-12.6
-8.00000000000001
-3.8
0
3.39999999999999
6.4
8.99999999999999
11.2
13
14.4
15.4
16
16.2
16
15.4
14.4
13
11.2
8.99999999999999
6.39999999999999
3.4
0
-3.8
-8.00000000000001
-12.6
-17.6
-23
-28.8
-35
-41.6
-48.6
-56
-63.8
-67.2
-59.4
-52
-45
-38.4
-32.2
-26.4
-21
-16
-11.4
-7.2
-3.39999999999999
0
3
5.6
7.8
9.6
11
12
12.6
12.8
12.6
12
11
9.6
7.8
5.6
3
8.88178419700125e-15
-3.39999999999999
-7.2
-11.4
-16
-21
-26.4
-32.2
-38.4
-45
-52
-59.4
-67.2
-70.2
-62.4
-55
-48
-41.4
-35.2
-29.4
-24
-19
-14.4
-10.2
-6.4
-3
0
2.6
4.8
6.6
8
9
9.6
9.8
9.6
9
8
6.6
4.8
2.6
-6.66133814775094e-15
-2.99999999999999
-6.4
-10.2
-14.4
-19
-24
-29.4
-35.2
-41.4
-48
-55
-62.4
-70.2
-72.8
-65
-57.6
-50.6
-44
-37.8
-32
-26.6
-21.6
-17
-12.8
-8.99999999999999
-5.6
-2.6
0
2.2
4
5.4
6.4
7
7.2
7
6.4
5.4
4
2.2
0
-2.6
-5.59999999999999
-8.99999999999999
-12.8
-17
-21.6
-26.6
-32
-37.8
-44
-50.6
-57.6
-65
-72.8
-75
-67.2
-59.8
-52.8
-46.2
-40
-34.2
-28.8
-23.8
-19.2
-15
-11.2
-7.8
-4.8
-2.2
0
1.8
3.2
4.2
4.8
5
4.8
4.2
3.2
1.8
0
-2.2
-4.80000000000001
-7.79999999999999
-11.2
-15
-19.2
-23.8
-28.8
-34.2
-40
-46.2
-52.8
-59.8
-67.2
-75
-76.8
-69
-61.6
-54.6
-48
-41.8
-36
-30.6
-25.6
-21
-16.8
-13
-9.6
-6.6
-4
-1.8
0
1.4
2.4
3
3.2
3
2.4
1.4
0
-1.8
-4
-6.60000000000001
-9.59999999999999
-13
-16.8
-21
-25.6
-30.6
-36
-41.8
-48
-54.6
-61.6
-69
-76.8
-78.2
-70.4
-63
-56
-49.4
-43.2
-37.4
-32
-27
-22.4
-18.2
-14.4
-11
-8
-5.4
-3.2
-1.4
0
1
1.6
1.8
1.6
0.999999999999999
2.4980018054066e-15
-1.4
-3.2
-5.4
-8.00000000000001
-11
-14.4
-18.2
-22.4
-27
-32
-37.4
-43.2
-49.4
-56
-63
-70.4
-78.2
-79.2
-71.4
-64
-57
-50.4
-44.2
-38.4
-33
-28
-23.4
-19.2
-15.4
-12
-9
-6.4
-4.2
-2.4
-1
0
0.599999999999999
0.8
0.599999999999999
-1.80411241501588e-15
-0.999999999999998
-2.4
-4.2
-6.4
-9.00000000000001
-12
-15.4
-19.2
-23.4
-28
-33
-38.4
-44.2
-50.4
-57
-64
-71.4
-79.2
-79.8
-72
-64.6
-57.6
-51
-44.8
-39
-33.6
-28.6
-24
-19.8
-16
-12.6
-9.6
-7
-4.8
-3
-1.6
-0.599999999999999
0
0.2
0
-0.600000000000001
-1.6
-3
-4.8
-7
-9.6
-12.6
-16
-19.8
-24
-28.6
-33.6
-39
-44.8
-51
-57.6
-64.6
-72
-79.8
-80
-72.2
-64.8
-57.8
-51.2
-45
-39.2
-33.8
-28.8
-24.2
-20
-16.2
-12.8
-9.8
-7.2
-5
-3.2
-1.8
-0.8
-0.2
0
-0.2
-0.800000000000001
-1.8
-3.2
-5
-7.2
-9.80000000000001
-12.8
-16.2
-20
-24.2
-28.8
-33.8
-39.2
-45
-51.2
-57.8
-64.8
-72.2
-80
-79.8
-72
-64.6
-57.6
-51
-44.8
-39
-33.6
-28.6
-24
-19.8
-16
-12.6
-9.6
-7
-4.8
-3
-1.6
-0.599999999999999
0
0.2
0
-0.600000000000001
-1.6
-3
-4.8
-7
-9.6
-12.6
-16
-19.8
-24
-28.6
-33.6
-39
-44.8
-51
-57.6
-64.6
-72
-79.8
-79.2
-71.4
-64
-57
-50.4
-44.2
-38.4
-33
-28
-23.4
-19.2
-15.4
-12
-9
-6.4
-4.2
-2.4
-0.999999999999999
1.80411241501588e-15
0.600000000000001
0.800000000000001
0.600000000000001
0
-0.999999999999997
-2.4
-4.2
-6.4
-9
-12
-15.4
-19.2
-23.4
-28
-33
-38.4
-44.2
-50.4
-57
-64
-71.4
-79.2
-78.2
-70.4
-63
-56
-49.4
-43.2
-37.4
-32
-27
-22.4
-18.2
-14.4
-11
-8
-5.4
-3.2
-1.4
-2.4980018054066e-15
0.999999999999998
1.6
1.8
1.6
0.999999999999997
0
-1.4
-3.2
-5.4
-8.00000000000001
-11
-14.4
-18.2
-22.4
-27
-32
-37.4
-43.2
-49.4
-56
-63
-70.4
-78.2
-76.8
-69
-61.6
-54.6
-48
-41.8
-36
-30.6
-25.6
-21
-16.8
-13
-9.6
-6.6
-4
-1.8
0
1.4
2.4
3
3.2
3
2.4
1.4
0
-1.8
-4
-6.60000000000001
-9.59999999999999
-13
-16.8
-21
-25.6
-30.6
-36
-41.8
-48
-54.6
-61.6
-69
-76.8
-75
-67.2
-59.8
-52.8
-46.2
-40
-34.2
-28.8
-23.8
-19.2
-15
-11.2
-7.8
-4.8
-2.2
0
1.8
3.2
4.2
4.8
5
4.8
4.2
3.2
1.8
0
-2.2
-4.80000000000001
-7.79999999999999
-11.2
-15
-19.2
-23.8
-28.8
-34.2
-40
-46.2
-52.8
-59.8
-67.2
-75
-72.8
-65
-57.6
-50.6
-44
-37.8
-32
-26.6
-21.6
-17
-12.8
-8.99999999999999
-5.6
-2.6
0
2.2
4
5.4
6.4
7
7.2
7
6.4
5.4
4
2.2
0
-2.6
-5.59999999999999
-8.99999999999999
-12.8
-17
-21.6
-26.6
-32
-37.8
-44
-50.6
-57.6
-65
-72.8
-70.2
-62.4
-55
-48
-41.4
-35.2
-29.4
-24
-19
-14.4
-10.2
-6.39999999999999
-3
6.66133814775094e-15
2.6
4.80000000000001
6.60000000000001
8.00000000000001
9.00000000000001
9.6
9.80000000000001
9.6
9
8.00000000000001
6.60000000000001
4.80000000000001
2.6
0
-2.99999999999999
-6.39999999999999
-10.2
-14.4
-19
-24
-29.4
-35.2
-41.4
-48
-55
-62.4
-70.2
-67.2
-59.4
-52
-45
-38.4
-32.2
-26.4
-21
-16
-11.4
-7.20000000000001
-3.4
-8.88178419700125e-15
2.99999999999999
5.59999999999999
7.79999999999999
9.59999999999999
11
12
12.6
12.8
12.6
12
11
9.59999999999999
7.79999999999999
5.59999999999999
2.99999999999999
0
-3.4
-7.20000000000001
-11.4
-16
-21
-26.4
-32.2
-38.4
-45
-52
-59.4
-67.2
-63.8
-56
-48.6
-41.6
-35
-28.8
-23
-17.6
-12.6
-8.00000000000001
-3.8
0
3.39999999999999
6.4
8.99999999999999
11.2
13
14.4
15.4
16
16.2
16
15.4
14.4
13
11.2
8.99999999999999
6.39999999999999
3.4
0
-3.8
-8.00000000000001
-12.6
-17.6
-23
-28.8
-35
-41.6
-48.6
-56
-63.8
-60
-52.2
-44.8
-37.8
-31.2
-25
-19.2
-13.8
-8.8
-4.2
0
3.8
7.2
10.2
12.8
15
16.8
18.2
19.2
19.8
20
19.8
19.2
18.2
16.8
15
12.8
10.2
7.20000000000001
3.8
0
-4.2
-8.80000000000001
-13.8
-19.2
-25
-31.2
-37.8
-44.8
-52.2
-60
-55.8
-48
-40.6
-33.6
-27
-20.8
-15
-9.6
-4.6
0
4.2
8.00000000000001
11.4
14.4
17
19.2
21
22.4
23.4
24
24.2
24
23.4
22.4
21
19.2
17
14.4
11.4
8.00000000000001
4.2
0
-4.6
-9.59999999999999
-15
-20.8
-27
-33.6
-40.6
-48
-55.8
-51.2
-43.4
-36
-29
-22.4
-16.2
-10.4
-5
8.88178419700125e-15
4.6
8.80000000000001
12.6
16
19
21.6
23.8
25.6
27
28
28.6
28.8
28.6
28
27
25.6
23.8
21.6
19
16
12.6
8.80000000000001
4.6
0
-4.99999999999998
-10.4
-16.2
-22.4
-29
-36
-43.4
-51.2
-46.2
-38.4
-31
-24
-17.4
-11.2
-5.4
-1.33226762955019e-14
4.99999999999999
9.59999999999999
13.8
17.6
21
24
26.6
28.8
30.6
32
33
33.6
33.8
33.6
33
32
30.6
28.8
26.6
24
21
17.6
13.8
9.59999999999999
4.99999999999998
0
-5.4
-11.2
-17.4
-24
-31
-38.4
-46.2
-40.8
-33
-25.6
-18.6
-12
-5.80000000000001
0
5.39999999999999
10.4
15
19.2
23
26.4
29.4
32
34.2
36
37.4
38.4
39
39.2
39
38.4
37.4
36
34.2
32
29.4
26.4
23
19.2
15
10.4
5.4
0
-5.80000000000001
-12
-18.6
-25.6
-33
-40.8
-35
-27.2
-19.8
-12.8
-6.20000000000001
0
5.80000000000001
11.2
16.2
20.8
25
28.8
32.2
35.2
37.8
40
41.8
43.2
44.2
44.8
45
44.8
44.2
43.2
41.8
40
37.8
35.2
32.2
28.8
25
20.8
16.2
11.2
5.80000000000001
0
-6.20000000000001
-12.8
-19.8
-27.2
-35
-28.8
-21
-13.6
-6.59999999999998
0
6.20000000000001
12
17.4
22.4
27
31.2
35
38.4
41.4
44
46.2
48
49.4
50.4
51
51.2
51
50.4
49.4
48
46.2
44
41.4
38.4
35
31.2
27
22.4
17.4
12
6.20000000000001
0
-6.6
-13.6
-21
-28.8
-22.2
-14.4
-6.99999999999999
1.77635683940025e-14
6.6
12.8
18.6
24
29
33.6
37.8
41.6
45
48
50.6
52.8
54.6
56
57
57.6
57.8
57.6
57
56
54.6
52.8
50.6
48
45
41.6
37.8
33.6
29
24
18.6
12.8
6.6
0
-6.99999999999998
-14.4
-22.2
-15.2
-7.40000000000001
-1.77635683940025e-14
6.99999999999999
13.6
19.8
25.6
31
36
40.6
44.8
48.6
52
55
57.6
59.8
61.6
63
64
64.6
64.8
64.6
64
63
61.6
59.8
57.6
55
52
48.6
44.8
40.6
36
31
25.6
19.8
13.6
6.99999999999998
0
-7.40000000000001
-15.2
-7.8
0
7.39999999999999
14.4
21
27.2
33
38.4
43.4
48
52.2
56
59.4
62.4
65
67.2
69
70.4
71.4
72
72.2
72
71.4
70.4
69
67.2
65
62.4
59.4
56
52.2
48
43.4
38.4
33
27.2
21
14.4
7.40000000000001
0
-7.8
0
7.8
15.2
22.2
28.8
35
40.8
46.2
51.2
55.8
60
63.8
67.2
70.2
72.8
75
76.8
78.2
79.2
79.8
80
79.8
79.2
78.2
76.8
75
72.8
70.2
67.2
63.8
60
55.8
51.2
46.2
40.8
35
28.8
22.2
15.2
7.8
0
