0.174077655955698
0.182940433316151
0.192735836122925
0.203615740593842
0.215765926001052
0.229415733870562
0.244851053437196
0.262431940540739
0.282616709472111
0.305995030681052
0.333333333333333
0.365636212063565
0.404226041727222
0.450834817333716
0.507673082566809
0.577350269189626
0.662266178532522
0.762492851663023
0.870388279778489
0.962250448649376
1
0.962250448649376
0.870388279778489
0.762492851663023
0.662266178532522
0.577350269189626
0.507673082566809
0.450834817333716
0.404226041727222
0.365636212063565
0.333333333333333
0.305995030681052
0.282616709472111
0.262431940540739
0.244851053437196
0.229415733870562
0.215765926001052
0.203615740593842
0.192735836122925
0.182940433316151
0.174077655955698
