0.696310623822791
0.695173646601372
0.69384901004253
0.692293518019063
0.690450963203365
0.688247201611685
0.685582949624148
0.682323045405921
0.678280102733066
0.673189067498315
0.666666666666667
0.658145181714418
0.646761666763555
0.631168744267203
0.609207699080171
0.577350269189626
0.529812942826017
0.457495710997814
0.348155311911396
0.192450089729875
0
-0.192450089729875
-0.348155311911396
-0.457495710997814
-0.529812942826017
-0.577350269189626
-0.609207699080171
-0.631168744267203
-0.646761666763555
-0.658145181714418
-0.666666666666667
-0.673189067498315
-0.678280102733066
-0.682323045405921
-0.685582949624148
-0.688247201611685
-0.690450963203365
-0.692293518019063
-0.69384901004253
-0.695173646601372
-0.696310623822791
